#title: Spectral profile - a2597_CO21_pbcorr_natural_10kms.fits
#region (world): Ellipse[[23:25:20.173, -12d07m39.95], [23:25:19.355, -12d07m16.985]]
#region (pixel): Ellipse[[103, 68], [183, 221]]
#coordinate: world
#xLabel: radio velocity [km/s]
#yLabel: [Jy] Flux Density

# a2597_CO21_pbcorr_natural_10kms.fits
-5.000000000000e+02 -2.563887956327e-03
-4.900000000000e+02 -1.405741400731e-03
-4.800000000000e+02 -7.033661341962e-04
-4.700000000000e+02 1.465930531512e-03
-4.600000000000e+02 2.113992523228e-04
-4.500000000000e+02 2.663724787394e-03
-4.400000000000e+02 2.188855513587e-03
-4.300000000000e+02 9.615856865802e-05
-4.200000000000e+02 1.092130832093e-03
-4.100000000000e+02 4.017406296812e-04
-4.000000000000e+02 -7.029065227585e-04
-3.900000000000e+02 1.798964943501e-03
-3.800000000000e+02 -5.379507201123e-04
-3.700000000000e+02 5.145008808370e-04
-3.600000000000e+02 -3.680738385504e-03
-3.500000000000e+02 -1.437755533797e-03
-3.400000000000e+02 -1.119167142620e-03
-3.300000000000e+02 -6.844510880364e-03
-3.200000000000e+02 5.051593349903e-05
-3.100000000000e+02 2.758553635968e-03
-3.000000000000e+02 4.120252804954e-03
-2.900000000000e+02 3.851142350964e-03
-2.800000000000e+02 1.921200366673e-03
-2.700000000000e+02 1.470481972205e-04
-2.600000000000e+02 2.971191070537e-03
-2.500000000000e+02 6.638020830731e-03
-2.400000000000e+02 3.474464104695e-03
-2.300000000000e+02 -6.099723628802e-03
-2.200000000000e+02 -2.390859955860e-03
-2.100000000000e+02 2.888609784952e-03
-2.000000000000e+02 2.567118289809e-03
-1.900000000000e+02 3.146033913314e-03
-1.800000000000e+02 6.376264875000e-03
-1.700000000000e+02 -8.553672243131e-04
-1.600000000000e+02 1.285036624909e-02
-1.500000000000e+02 7.852780238252e-03
-1.400000000000e+02 3.467206642802e-03
-1.300000000000e+02 5.072680714267e-03
-1.200000000000e+02 1.421821542562e-03
-1.100000000000e+02 6.989680622214e-03
-1.000000000000e+02 5.526801371823e-03
-9.000000000000e+01 1.291947426171e-02
-8.000000000000e+01 1.551550080561e-02
-7.000000000000e+01 1.493953298956e-02
-6.000000000000e+01 1.424210711415e-02
-5.000000000000e+01 1.852322094206e-02
-4.000000000000e+01 1.828407565177e-02
-3.000000000000e+01 2.410094566378e-02
-2.000000000000e+01 1.934056564641e-02
-1.000000000000e+01 1.586564330119e-02
-3.188573600710e-07 1.894429487564e-02
1.000000000000e+01 1.335351244456e-02
2.000000000000e+01 1.257590162882e-02
3.000000000000e+01 1.374857967829e-02
4.000000000000e+01 1.068878033862e-02
5.000000000000e+01 1.012323522967e-02
6.000000000000e+01 1.482279084992e-02
7.000000000000e+01 1.533756328953e-02
8.000000000000e+01 1.593154601428e-02
9.000000000000e+01 1.627680855814e-02
1.000000000000e+02 1.619301300668e-02
1.100000000000e+02 2.547039343695e-02
1.200000000000e+02 9.217199763355e-03
1.300000000000e+02 8.511166023155e-03
1.400000000000e+02 6.878025858457e-03
1.500000000000e+02 9.327281441252e-03
1.600000000000e+02 1.045882751551e-02
1.700000000000e+02 1.174683912759e-02
1.800000000000e+02 9.679400903778e-03
1.900000000000e+02 9.918313497523e-03
2.000000000000e+02 1.083095220512e-02
2.100000000000e+02 7.280143606744e-03
2.200000000000e+02 2.020733929293e-03
2.300000000000e+02 4.880606167867e-04
2.400000000000e+02 2.743348490364e-03
2.500000000000e+02 3.678597624980e-03
2.600000000000e+02 4.411459178649e-03
2.700000000000e+02 3.358601252817e-03
2.800000000000e+02 3.324807801810e-03
2.900000000000e+02 -1.074985078372e-03
3.000000000000e+02 4.882285826836e-03
3.100000000000e+02 1.864111512033e-03
3.200000000000e+02 1.365783316693e-05
3.300000000000e+02 -3.994196366243e-03
3.400000000000e+02 -3.967527101137e-03
3.500000000000e+02 2.244701492116e-03
3.600000000000e+02 7.009564971074e-04
3.700000000000e+02 -1.627675252977e-03
3.800000000000e+02 2.059023954915e-03
3.900000000000e+02 -2.078235099083e-04
4.000000000000e+02 3.100648788859e-03
4.100000000000e+02 2.828990116975e-03
4.200000000000e+02 2.677975543380e-03
4.300000000000e+02 2.221137688754e-04
4.400000000000e+02 -2.118011098372e-03
4.500000000000e+02 1.963203165795e-03
4.600000000000e+02 4.070749953024e-03
4.700000000000e+02 -2.148048741324e-03
4.800000000000e+02 -1.342546884408e-03
4.900000000000e+02 6.989248726938e-04
5.000000000000e+02 8.479283735569e-03
